18201	0
18202	0
18203	0
18204	1
18205	0
18206	0
18207	1
18208	0
18209	0
18210	0
18211	1
18212	1
18213	1
18214	0
18215	0
18216	0
18217	0
18218	1
18219	0
18220	0
18221	0
18222	0
18223	0
18224	1
18225	0
18226	0
18227	0
18228	1
18229	0
18230	0
18231	0
18232	1
18233	0
18234	1
18235	0
18236	0
18237	0
18238	0
18239	0
18240	0
18241	0
18242	1
18243	0
18244	0
18245	0
18246	0
18247	0
18248	0
18249	0
18250	0
18251	0
18252	0
18253	0
18254	0
18255	0
18256	1
18257	1
18258	0
18259	1
18260	0
18261	1
18262	0
18263	0
18264	0
18265	0
18266	0
18267	0
18268	0
18269	0
18270	0
18271	1
18272	0
18273	0
18274	0
18275	0
18276	1
18277	0
18278	0
18279	0
18280	0
18281	1
18282	0
18283	1
18284	1
18285	0
18286	0
18287	0
18288	1
18289	0
18290	0
18291	0
18292	0
18293	0
18294	1
18295	0
18296	1
18297	0
18298	1
18299	0
18300	1
18301	1
18302	1
18303	1
18304	0
18305	0
18306	1
18307	0
18308	0
18309	0
18310	0
18311	0
18312	1
18313	0
18314	0
18315	1
18316	1
18317	0
18318	1
18319	0
18320	0
18321	0
18322	1
18323	1
18324	1
18325	1
18326	0
18327	1
18328	1
18329	0
18330	0
18331	0
18332	0
18333	0
18334	0
18335	1
18336	1
18337	0
18338	0
18339	0
18340	1
18341	1
18342	0
18343	0
18344	0
18345	0
18346	0
18347	0
18348	0
18349	1
18350	0
18351	0
18352	1
18353	1
18354	0
18355	0
18356	0
18357	0
18358	0
18359	0
18360	1
18361	1
18362	1
18363	0
18364	0
18365	0
18366	1
18367	1
18368	0
18369	0
18370	0
18371	0
18372	0
18373	0
18374	0
18375	0
18376	1
18377	0
18378	0
18379	1
18380	1
18381	0
18382	1
18383	1
18384	0
18385	1
18386	0
18387	1
18388	1
18389	1
18390	0
18391	0
18392	1
18393	1
18394	0
18395	0
18396	0
18397	1
18398	0
18399	0
18400	0
18401	1
18402	1
18403	0
18404	0
18405	1
18406	0
18407	1
18408	1
18409	0
18410	1
18411	0
18412	0
18413	1
18414	1
18415	0
18416	1
18417	0
18418	1
18419	0
18420	0
18421	0
18422	1
18423	0
18424	1
18425	0
18426	1
18427	0
18428	0
18429	0
18430	0
18431	0
18432	1
18433	0
18434	1
18435	0
18436	0
18437	0
18438	0
18439	1
18440	0
18441	0
18442	1
18443	0
18444	0
18445	0
18446	0
18447	0
18448	0
18449	1
18450	0
18451	0
18452	0
18453	0
18454	0
18455	1
18456	0
18457	0
18458	1
18459	0
18460	1
18461	1
18462	0
18463	1
18464	0
18465	1
18466	0
18467	1
18468	1
18469	0
18470	1
18471	1
18472	0
18473	0
18474	0
18475	0
18476	0
18477	0
18478	0
18479	0
18480	0
18481	0
18482	1
18483	1
18484	0
18485	0
18486	0
18487	0
18488	0
18489	0
18490	0
18491	0
18492	0
18493	1
18494	0
18495	0
18496	1
18497	0
18498	1
18499	0
18500	0
18501	0
18502	1
18503	0
18504	0
18505	1
18506	1
18507	1
18508	1
18509	0
18510	0
18511	0
18512	0
18513	1
18514	0
18515	0
18516	0
18517	0
18518	0
18519	1
18520	0
18521	0
18522	0
18523	0
18524	0
18525	0
18526	0
18527	1
18528	1
18529	1
18530	0
18531	0
18532	1
18533	1
18534	0
18535	0
18536	1
18537	1
18538	0
18539	1
18540	1
18541	1
18542	0
18543	0
18544	0
18545	0
18546	0
18547	0
18548	0
18549	1
18550	1
18551	0
18552	0
18553	0
18554	0
18555	0
18556	0
18557	1
18558	1
18559	0
18560	1
18561	0
18562	0
18563	0
18564	1
18565	0
18566	0
18567	0
18568	1
18569	1
18570	0
18571	1
18572	0
18573	0
18574	1
18575	1
18576	1
18577	0
18578	0
18579	0
18580	0
18581	0
18582	0
18583	0
18584	1
18585	1
18586	0
18587	1
18588	0
18589	0
18590	0
18591	0
18592	1
18593	1
18594	0
18595	0
18596	1
18597	1
18598	0
18599	0
18600	1
18601	0
18602	1
18603	1
18604	1
18605	0
18606	0
18607	1
18608	1
18609	0
18610	0
18611	0
18612	0
18613	1
18614	1
18615	0
18616	1
18617	0
18618	0
18619	0
18620	0
18621	0
18622	0
18623	1
18624	0
18625	1
18626	0
18627	0
18628	0
18629	0
18630	0
18631	0
18632	0
18633	1
18634	1
18635	0
18636	1
18637	0
18638	1
18639	0
18640	0
18641	1
18642	0
18643	0
18644	0
18645	1
18646	0
18647	0
18648	0
18649	0
18650	0
18651	0
18652	0
18653	0
18654	0
18655	0
18656	0
18657	0
18658	1
18659	0
18660	1
18661	0
18662	0
18663	0
18664	0
18665	1
18666	0
18667	0
18668	0
18669	0
18670	0
18671	0
18672	0
18673	1
18674	0
18675	1
18676	1
18677	0
18678	0
18679	1
18680	0
18681	1
18682	0
18683	0
18684	0
18685	1
18686	0
18687	0
18688	1
18689	1
18690	1
18691	0
18692	0
18693	1
18694	1
18695	0
18696	0
18697	0
18698	0
18699	0
18700	0
18701	1
18702	0
18703	1
18704	0
18705	1
18706	1
18707	0
18708	0
18709	1
18710	0
18711	1
18712	0
18713	1
18714	0
18715	1
18716	0
18717	1
18718	0
18719	0
18720	0
18721	0
18722	0
18723	1
18724	0
18725	1
18726	1
18727	1
18728	1
18729	1
18730	0
18731	1
18732	1
18733	0
18734	0
18735	1
18736	0
18737	1
18738	0
18739	0
18740	0
18741	1
18742	0
18743	1
18744	1
18745	1
18746	1
18747	1
18748	0
18749	1
18750	1
18751	0
18752	1
18753	0
18754	0
18755	0
18756	0
18757	0
18758	0
18759	0
18760	0
18761	0
18762	1
18763	1
18764	1
18765	1
18766	0
18767	0
18768	0
18769	1
18770	0
18771	1
18772	1
18773	0
18774	1
18775	0
18776	1
18777	1
18778	1
18779	0
18780	1
18781	0
18782	0
18783	0
18784	1
18785	0
18786	1
18787	1
18788	1
18789	1
18790	0
18791	0
18792	1
18793	0
18794	1
18795	0
18796	0
18797	0
18798	1
18799	0
18800	1
18801	1
18802	1
18803	0
18804	0
18805	1
18806	1
18807	0
18808	1
18809	1
18810	1
18811	1
18812	1
18813	0
18814	1
18815	1
18816	0
18817	0
18818	0
18819	0
18820	1
18821	0
18822	0
18823	0
18824	1
18825	0
18826	1
18827	1
18828	0
18829	1
18830	0
18831	0
18832	1
18833	0
18834	1
18835	0
18836	1
18837	0
18838	0
18839	0
18840	0
18841	0
18842	0
18843	1
18844	1
18845	1
18846	1
18847	0
18848	0
18849	0
18850	1
18851	1
18852	0
18853	0
18854	0
18855	1
18856	1
18857	0
18858	0
18859	0
18860	1
18861	1
18862	1
18863	0
18864	0
18865	0
18866	0
18867	0
18868	0
18869	1
18870	1
18871	0
18872	1
18873	1
18874	0
18875	0
18876	0
18877	1
18878	1
18879	1
18880	1
18881	1
18882	1
18883	1
18884	1
18885	1
18886	1
18887	1
18888	0
18889	0
18890	0
18891	0
18892	0
18893	0
18894	0
18895	1
18896	0
18897	0
18898	1
18899	1
18900	0
18901	1
18902	0
18903	1
18904	1
18905	0
18906	0
18907	0
18908	0
18909	1
18910	0
18911	1
18912	1
18913	0
18914	1
18915	1
18916	0
18917	1
18918	0
18919	1
18920	1
18921	1
18922	0
18923	0
18924	1
18925	1
18926	1
18927	1
18928	0
18929	1
18930	1
18931	1
18932	1
18933	1
18934	0
18935	1
18936	0
18937	1
18938	0
18939	0
18940	1
18941	1
18942	0
18943	1
18944	0
18945	1
18946	1
18947	1
18948	1
18949	0
18950	1
18951	0
18952	1
18953	0
18954	1
18955	1
18956	0
18957	1
18958	1
18959	0
18960	0
18961	1
18962	1
18963	1
18964	1
18965	0
18966	0
18967	1
18968	0
18969	0
18970	1
18971	0
18972	1
18973	0
18974	1
18975	1
18976	0
18977	0
18978	1
18979	1
18980	0
18981	0
18982	1
18983	0
18984	0
18985	0
18986	1
18987	1
18988	0
18989	1
18990	0
18991	0
18992	1
18993	1
18994	0
18995	0
18996	0
18997	0
18998	0
18999	1
19000	1
19001	1
19002	1
19003	0
19004	0
19005	0
19006	0
19007	0
19008	0
19009	1
19010	1
19011	0
19012	0
19013	0
19014	0
19015	0
19016	1
19017	0
19018	1
19019	1
19020	0
19021	0
19022	1
19023	0
19024	0
19025	0
19026	0
19027	0
19028	1
19029	0
19030	0
19031	1
19032	0
19033	0
19034	0
19035	1
19036	1
19037	0
19038	0
19039	0
19040	0
19041	1
19042	1
19043	1
19044	1
19045	1
19046	0
19047	0
19048	1
19049	0
19050	1
19051	0
19052	1
19053	0
19054	0
19055	1
19056	0
19057	0
19058	1
19059	1
19060	0
19061	0
19062	0
19063	0
19064	0
19065	1
19066	1
19067	0
19068	0
19069	0
19070	1
19071	0
19072	1
19073	0
19074	0
19075	1
19076	1
19077	1
19078	1
19079	0
19080	0
19081	1
19082	1
19083	1
19084	1
19085	1
19086	1
19087	0
19088	1
19089	0
19090	0
19091	1
19092	1
19093	1
19094	0
19095	0
19096	1
19097	1
19098	0
19099	0
19100	1
19101	1
19102	1
19103	1
19104	0
19105	1
19106	0
19107	1
19108	0
19109	0
19110	1
19111	0
19112	1
19113	0
19114	0
19115	0
19116	0
19117	0
19118	1
19119	0
19120	1
19121	1
19122	0
19123	1
19124	0
19125	1
19126	0
19127	0
19128	0
19129	1
19130	0
19131	1
19132	0
19133	1
19134	0
19135	0
19136	0
19137	1
19138	0
19139	1
19140	1
19141	0
19142	1
19143	0
19144	0
19145	1
19146	0
19147	1
19148	0
19149	0
19150	1
19151	0
19152	0
19153	0
19154	1
19155	0
19156	1
19157	1
19158	0
19159	0
19160	1
19161	1
19162	0
19163	1
19164	0
19165	1
19166	0
19167	1
19168	0
19169	1
19170	1
19171	0
19172	0
19173	0
19174	0
19175	1
19176	1
19177	1
19178	0
19179	1
19180	0
19181	0
19182	0
19183	0
19184	0
19185	1
19186	1
19187	1
19188	0
19189	1
19190	0
19191	0
19192	0
19193	0
19194	0
19195	0
19196	0
19197	1
19198	1
19199	1
19200	0
